sum = 64
0 1 2 3 4 5 6 7 8 9 10 11 12 13 14 15 16 17 18 19 20 21 22 23 24 25 26 27 28 29 30 31 32 33 34 35 36 37 38 39 40 41 42 43 44 45 46 47 48 49 50 51 52 53 54 55 56 57 58 59 60 61 62 63 64
0   2   4   6   8   10    12    14    16    18    20    22    24    26    28    30    32    34    36    38    40    42    44    46    48    50    52    54    56    58    60    62    64
0       4       8         12          16          20          24          28          32          36          40          44          48          52          56          60          64
0               8                     16                      24                      32                      40                      48                      56                      64
0                                     16                                              32                                              48                                              64
0                                                                                     32                                                                                              64
0                                                                                                                                                                                     64


STEP = 2 count = 2
0 1 2   4       8                     16                                              32                                                                                              64
0   2   4       8                     16                                              32                                                                                              64
0       4       8                     16                                              32                                                                                              64
0               8                     16                                              32                                                                                              64
0                                     16                                              32                                                                                              64
0                                                                                     32                                                                                              64
0                                                                                                                                                                                     64

STEP = 4 count = 16
0 1 2 3 4       8 9 10 11 12          16                                              32 33 34 35 36          40 41 42 43 44          48                                              64
0       4       8         12          16                                              32          36          40          44          48                                              64
0                                     16                                              32                                              48                                              64
0                                                                                                                                                                                     64

STEP = 8 count = 32
0 1 2 3 4 5 6 7 8                     16 17 18 19 20 21 22 23 24                      32 33 34 35 36 37 38 39 40                      48 49 50 51 52 53 54 55 56                      64
0               8                     16                      24                      32                      40                      48                      56                      64
0                                                                                                                                                                                     64

STEP = 16
0 1 2 3 4 5 6 7 8 9 10 11 12 13 14 15 16                                              32 33 34 35 36 37 38 39 40 41 42 43 44 45 46 47 48                                              64
0                                     16                                              32                                              48                                              64
0                                                                                                                                                                                     64

STEP = 32 count = 32
0 1 2 3 4 5 6 7 8 9 10 11 12 13 14 15 16 17 18 19 20 21 22 23 24 25 26 27 28 29 30 31 32                                                                                              64
0                                                                                     32                                                                                              64
0                                                                                                                                                                                     64

STEP = 64 count = 64
0 1 2 3 4 5 6 7 8 9 10 11 12 13 14 15 16 17 18 19 20 21 22 23 24 25 26 27 28 29 30 31 32 33 34 35 36 37 38 39 40 41 42 43 44 45 46 47 48 49 50 51 52 53 54 55 56 57 58 59 60 61 62 63 64
0                                                                                                                                                                                     64



sum = 256
0 1 2 3 4 5 6 7 8 9 10 11 12 13 14 15 16 17 18 19 20 21 22 23 24 25 26 27 28 29 30 31 32 33 34 35 36 37 38 39 40 41 42 43 44 45 46 47 48 49 50 51 52 53 54 55 56 57 58 59 60 61 62 63 64 65 66 67 68 69 70 71 72 73 74 75 76 77 78 79 80 81 82 83 84 85 86 87 88 89 90 91 92 93 94 95 96 97 98 99 100 101 102 103 104 105 106 107 108 109 110 111 112 113 114 115 116 117 118 119 120 121 122 123 124 125 126 127 128 129 130 131 132 133 134 135 136 137 138 139 140 141 142 143 144 145 146 147 148 149 150 151 152 153 154 155 156 157 158 159 160 161 162 163 164 165 166 167 168 169 170 171 172 173 174 175 176 177 178 179 180 181 182 183 184 185 186 187 188 189 190 191 192 193 194 195 196 197 198 199 200 201 202 203 204 205 206 207 208 209 210 211 212 213 214 215 216 217 218 219 220 221 222 223 224 225 226 227 228 229 230 231 232 233 234 235 236 237 238 239 240 241 242 243 244 245 246 247 248 249 250 251 252 253 254 255 256
0   2   4   6   8   10    12    14    16    18    20    22    24    26    28    30    32    34    36    38    40    42    44    46    48    50    52    54    56    58    60    62    64    66    68    70    72    74    76    78    80    82    84    86    88    90    92    94    96    98    100     102     104     106     108     110     112     114     116     118     120     122     124     126     128     130     132     134     136     138     140     142     144     146     148     150     152     154     156     158     160     162     164     166     168     170     172     174     176     178     180     182     184     186     188     190     192     194     196     198     200     202     204     206     208     210     212     214     216     218     220     222     224     226     228     230     232     234     236     238     240     242     244     246     248     250     252     254     256
0       4       8         12          16          20          24          28          32          36          40          44          48          52          56          60          64          68          72          76          80          84          88          92          96          100             104             108             112             116             120             124             128             132             136             140             144             148             152             156             160             164             168             172             176             180             184             188             192             196             200             204             208             212             216             220             224             228             232             236             240             244             248             252             256
0               8                     16                      24                      32                      40                      48                      56                      64                      72                      80                      88                      96                          104                             112                             120                             128                             136                             144                             152                             160                             168                             176                             184                             192                             200                             208                             216                             224                             232                             240                             248                             256
0                                     16                                              32                                              48                                              64                                              80                                              96                                                          112                                                             128                                                             144                                                             160                                                             176                                                             192                                                             208                                                             224                                                             240                                                             256
0                                                                                     32                                                                                              64                                                                                              96                                                                                                                          128                                                                                                                             160                                                                                                                             192                                                                                                                             224                                                                                                                             256
0                                                                                                                                                                                     64                                                                                                                                                                                                                          128                                                                                                                                                                                                                                                             192                                                                                                                                                                                                                                                             256
0                                                                                                                                                                                                                                                                                                                                                                                                                 128                                                                                                                                                                                                                                                                                                                                                                                                                                                                                                                             256
0                                                                                                                                                                                                                                                                                                                                                                                                                                                                                                                                                                                                                                                                                                                                                                                                                                                                                                                                                 256

STEP = 2 count = 2
0 1 2   4       8                     16                                              32                                                                                              64                                                                                                                                                                                                                          128                                                                                                                                                                                                                                                                                                                                                                                                                                                                                                                             256
0   2   4       8                     16                                              32                                                                                              64                                                                                                                                                                                                                          128                                                                                                                                                                                                                                                                                                                                                                                                                                                                                                                             256
0       4       8                     16                                              32                                                                                              64                                                                                                                                                                                                                          128                                                                                                                                                                                                                                                                                                                                                                                                                                                                                                                             256
0               8                     16                                              32                                                                                              64                                                                                                                                                                                                                          128                                                                                                                                                                                                                                                                                                                                                                                                                                                                                                                             256
0                                     16                                              32                                                                                              64                                                                                                                                                                                                                          128                                                                                                                                                                                                                                                                                                                                                                                                                                                                                                                             256
0                                                                                     32                                                                                              64                                                                                                                                                                                                                          128                                                                                                                                                                                                                                                                                                                                                                                                                                                                                                                             256
0                                                                                                                                                                                     64                                                                                                                                                                                                                          128                                                                                                                                                                                                                                                                                                                                                                                                                                                                                                                             256
0                                                                                                                                                                                                                                                                                                                                                                                                                 128                                                                                                                                                                                                                                                                                                                                                                                                                                                                                                                             256
0                                                                                                                                                                                                                                                                                                                                                                                                                                                                                                                                                                                                                                                                                                                                                                                                                                                                                                                                                 256

STEP = 4 count = 32
0 1 2 3 4       8 9 10 11 12          16                                              32 33 34 35 36          40 41 42 43 44          48                                              64                                                                                                                                                                                                                          128 129 130 131 132             136 137 138 139 140             144                                                             160 161 162 163 164             168 169 170 171 172             176                                                             192                                                                                                                                                                                                                                                             256
0       4       8         12          16                                              32          36          40          44          48                                              64                                                                                                                                                                                                                          128             132             136             140             144                                                             160             164             168             172             176                                                             192                                                                                                                                                                                                                                                             256
0                                     16                                              32                                              48                                              64                                                                                                                                                                                                                          128                                                             144                                                             160                                                             176                                                             192                                                                                                                                                                                                                                                             256
0                                                                                                                                                                                     64                                                                                                                                                                                                                          128                                                                                                                                                                                                                                                             192                                                                                                                                                                                                                                                             256
0                                                                                                                                                                                                                                                                                                                                                                                                                                                                                                                                                                                                                                                                                                                                                                                                                                                                                                                                                 256

STEP = 8 count = 32
0 1 2 3 4 5 6 7 8                     16 17 18 19 20 21 22 23 24                      32 33 34 35 36 37 38 39 40                      48 49 50 51 52 53 54 55 56                      64                                                                                                                                                                                                                          128 129 130 131 132 133 134 135 136                             144 145 146 147 148 149 150 151 152                             160 161 162 163 164 165 166 167 168                             176 177 178 179 180 181 182 183 184                             192                                                                                                                                                                                                                                                             256
0               8                     16                      24                      32                      40                      48                      56                      64                                                                                                                                                                                                                          128                             136                             144                             152                             160                             168                             176                             184                             192                                                                                                                                                                                                                                                             256
0                                                                                                                                                                                     64                                                                                                                                                                                                                          128                                                                                                                                                                                                                                                             192                                                                                                                                                                                                                                                             256

STEP = 16 count = 128
0 1 2 3 4 5 6 7 8 9 10 11 12 13 14 15 16                                              32 33 34 35 36 37 38 39 40 41 42 43 44 45 46 47 48                                              64 65 66 67 68 69 70 71 72 73 74 75 76 77 78 79 80                                              96 97 98 99 100 101 102 103 104 105 106 107 108 109 110 111 112                                                             128 129 130 131 132 133 134 135 136 137 138 139 140 141 142 143 144                                                             160 161 162 163 164 165 166 167 168 169 170 171 172 173 174 175 176                                                             192 193 194 195 196 197 198 199 200 201 202 203 204 205 206 207 208                                                             224 225 226 227 228 229 230 231 232 233 234 235 236 237 238 239 240                                                             256
0                                     16                                              32                                              48                                              64                                              80                                              96                                                          112                                                             128                                                             144                                                             160                                                             176                                                             192                                                             208                                                             224                                                             240                                                             256
0                                                                                                                                                                                                                                                                                                                                                                                                                                                                                                                                                                                                                                                                                                                                                                                                                                                                                                                                                 256

STEP = 32 count = 128
0 1 2 3 4 5 6 7 8 9 10 11 12 13 14 15 16 17 18 19 20 21 22 23 24 25 26 27 28 29 30 31 32                                                                                              64 65 66 67 68 69 70 71 72 73 74 75 76 77 78 79 80 81 82 83 84 85 86 87 88 89 90 91 92 93 94 95 96                                                                                                                          128 129 130 131 132 133 134 135 136 137 138 139 140 141 142 143 144 145 146 147 148 149 150 151 152 153 154 155 156 157 158 159 160                                                                                                                             192 193 194 195 196 197 198 199 200 201 202 203 204 205 206 207 208 209 210 211 212 213 214 215 216 217 218 219 220 221 222 223 224                                                                                                                             256
0                                                                                     32                                                                                              64                                                                                              96                                                                                                                          128                                                                                                                             160                                                                                                                             192                                                                                                                             224                                                                                                                             256
0                                                                                                                                                                                                                                                                                                                                                                                                                                                                                                                                                                                                                                                                                                                                                                                                                                                                                                                                                 256

STEP = 64 count = 128
0 1 2 3 4 5 6 7 8 9 10 11 12 13 14 15 16 17 18 19 20 21 22 23 24 25 26 27 28 29 30 31 32 33 34 35 36 37 38 39 40 41 42 43 44 45 46 47 48 49 50 51 52 53 54 55 56 57 58 59 60 61 62 63 64                                                                                                                                                                                                                          128 129 130 131 132 133 134 135 136 137 138 139 140 141 142 143 144 145 146 147 148 149 150 151 152 153 154 155 156 157 158 159 160 161 162 163 164 165 166 167 168 169 170 171 172 173 174 175 176 177 178 179 180 181 182 183 184 185 186 187 188 189 190 191 192                                                                                                                                                                                                                                                             256
0                                                                                                                                                                                     64                                                                                                                                                                                                                          128                                                                                                                                                                                                                                                             192                                                                                                                                                                                                                                                             256
0                                                                                                                                                                                                                                                                                                                                                                                                                                                                                                                                                                                                                                                                                                                                                                                                                                                                                                                                                 256

STEP = 128 count = 128
0 1 2 3 4 5 6 7 8 9 10 11 12 13 14 15 16 17 18 19 20 21 22 23 24 25 26 27 28 29 30 31 32 33 34 35 36 37 38 39 40 41 42 43 44 45 46 47 48 49 50 51 52 53 54 55 56 57 58 59 60 61 62 63 64 65 66 67 68 69 70 71 72 73 74 75 76 77 78 79 80 81 82 83 84 85 86 87 88 89 90 91 92 93 94 95 96 97 98 99 100 101 102 103 104 105 106 107 108 109 110 111 112 113 114 115 116 117 118 119 120 121 122 123 124 125 126 127 128                                                                                                                                                                                                                                                                                                                                                                                                                                                                                                                             256
0                                                                                                                                                                                                                                                                                                                                                                                                                 128                                                                                                                                                                                                                                                                                                                                                                                                                                                                                                                             256
0                                                                                                                                                                                                                                                                                                                                                                                                                                                                                                                                                                                                                                                                                                                                                                                                                                                                                                                                                 256

STEP = 256 count = 256
0 1 2 3 4 5 6 7 8 9 10 11 12 13 14 15 16 17 18 19 20 21 22 23 24 25 26 27 28 29 30 31 32 33 34 35 36 37 38 39 40 41 42 43 44 45 46 47 48 49 50 51 52 53 54 55 56 57 58 59 60 61 62 63 64 65 66 67 68 69 70 71 72 73 74 75 76 77 78 79 80 81 82 83 84 85 86 87 88 89 90 91 92 93 94 95 96 97 98 99 100 101 102 103 104 105 106 107 108 109 110 111 112 113 114 115 116 117 118 119 120 121 122 123 124 125 126 127 128 129 130 131 132 133 134 135 136 137 138 139 140 141 142 143 144 145 146 147 148 149 150 151 152 153 154 155 156 157 158 159 160 161 162 163 164 165 166 167 168 169 170 171 172 173 174 175 176 177 178 179 180 181 182 183 184 185 186 187 188 189 190 191 192 193 194 195 196 197 198 199 200 201 202 203 204 205 206 207 208 209 210 211 212 213 214 215 216 217 218 219 220 221 222 223 224 225 226 227 228 229 230 231 232 233 234 235 236 237 238 239 240 241 242 243 244 245 246 247 248 249 250 251 252 253 254 255 256
0                                                                                                                                                                                                                                                                                                                                                                                                                                                                                                                                                                                                                                                                                                                                                                                                                                                                                                                                                 256


[0]->[0, 0]
0 -> 0 -> 0
[1] -> [0, 1] -> [0,0,1] -> [0,0,0,1]
1 -> 8 -> 64 -> 512
[1, 1] -> [0, 1, 1] -> [0, 0, 1, 1]
8 + 1 -> 64 + 8 -> 512 + 64
[2, 2] -> [0, 2, 2] -> [0, 0, 2, 2]
16 + 2 -> 128 + 16 -> 1024 + 128
[1, 2] -> [0, 1, 2] -> [0, 0, 1, 2]
8**0*1 + 8**1*2 -> 8**0*0 + 8**1 * 1 + 8**2 * 2 -> 0 

2 + 0 + 8**2 * 1